17  (340151)
12  (339601)
18  (339095)
16  (332414)
31  (318014)
21  (302446)

17 12  (339569)
17 18  (339063)
18 12  (338921)
17 16  (332382)
12 16  (332165)
18 16  (331648)
17 31  (317988)
31 12  (317536)
31 18  (317103)
31 16  (312204)
17 21  (302415)
21 12  (301939)
21 18  (301478)

17 18 12  (338889)
17 12 16  (332133)
17 18 16  (331616)
18 12 16  (331490)
17 31 12  (317510)
17 31 18  (317077)
31 18 12  (316960)
17 31 16  (312178)
31 12 16  (312009)
31 18 16  (311569)
17 21 12  (301908)
17 21 18  (301447)
21 18 12  (301317)

17 18 12 16  (331458)
17 31 18 12  (316934)
17 31 12 16  (311983)
17 31 18 16  (311543)
31 18 12 16  (311437)
17 21 18 12  (301286)

17 31 12 16 18  (311411)

